	p_val	avg_log2FC	pct.1	pct.2	p_val_adj
Hoxa9	2.31826077536418e-129	-1.52115741361355	0.284	0.801	4.9021942355851e-125
Kmt2a	1.30901529554369e-126	-1.78469177121757	0.461	0.85	2.76804374395669e-122
Rnf220	2.14317915754295e-103	-1.46143210880782	0.78	0.962	4.53196664654033e-99
Gm10260	1.58425324714476e-81	-0.897493458425197	0.453	0.893	3.35006191641231e-77
Hmga2	2.44093183279084e-70	-1.45218836541468	0.291	0.668	5.16159445361952e-66
Hoxa10	1.56142078614747e-52	-0.489009196843144	0.061	0.347	3.30178039438743e-48
Rnase6	4.81234518740095e-51	0.862797954962428	0.883	0.681	1.01761851332781e-46
Bahcc1	8.72834001576652e-51	-0.618020902342798	0.164	0.485	1.84569477973399e-46
Psap	1.94117867817695e-49	0.796771995421834	0.974	0.91	4.10481643287297e-45
Sox4	1.27520530260244e-48	-0.82263329127662	0.522	0.797	2.69654913288313e-44
Cst3	2.61250774726024e-46	0.960907963075214	0.96	0.954	5.5244088823565e-42
Irf8	1.28752378101234e-45	0.793260554603617	0.91	0.701	2.72259778732869e-41
BC018473	2.25533872933767e-45	-0.555546955141249	0.028	0.256	4.76913927705743e-41
Ly6e	2.0776608167637e-44	0.650052618348875	0.968	0.923	4.39342156312853e-40
Rnd3	2.85554027122853e-44	0.864351980418939	0.657	0.348	6.03832545753985e-40
Ctsh	7.55866657900097e-44	0.775141979025207	0.869	0.618	1.59835563479555e-39
Cybb	1.01981054233067e-42	0.845534495166284	0.783	0.524	2.15649137281245e-38
Lair1	8.2073243957226e-40	0.785615447076272	0.708	0.425	1.7355208167195e-35
Kmo	8.71269726039854e-40	0.69931078934298	0.71	0.429	1.84238696268388e-35
Ly86	4.9888600561457e-39	0.61016460445598	0.917	0.701	1.05494434747257e-34
Siglech	1.72383593494422e-38	0.831771566392	0.842	0.588	3.64522346803304e-34
Plekhm3	7.94630630127772e-38	0.762768544520959	0.791	0.573	1.68032593046819e-33
Hoxa7	1.32944953914027e-37	-0.665442004401672	0.378	0.649	2.81125399546601e-33
Ctss	3.12726342620886e-37	0.657145553763685	0.88	0.673	6.61291124106125e-33
Cd300c	4.99304462248133e-37	0.833856418131219	0.485	0.205	1.0558292158699e-32
Mpeg1	5.92504905995174e-37	0.760859597407491	0.834	0.6	1.25291087421739e-32
Angpt1	1.03796972040612e-35	-1.30659501692685	0.156	0.405	2.19489077077079e-31
Blnk	2.54878474093612e-35	0.817423802639932	0.695	0.412	5.38966021318351e-31
Bst2	8.55008594690371e-35	0.801405670449451	0.936	0.89	1.80800117433226e-30
Serinc3	3.57363804174267e-34	0.525187569391738	0.895	0.778	7.55681500306904e-30
Tmsb4x	3.61554314939564e-34	0.544367728945041	0.988	0.991	7.64542754371203e-30
Ifnar2	3.97224045107789e-34	0.555803309677227	0.939	0.891	8.39969965784931e-30
Selplg	5.97742423190875e-34	0.619466766236461	0.89	0.777	1.26398612807942e-29
Card11	1.59970538108695e-33	0.792233160376357	0.62	0.367	3.38273699884646e-29
Cytip	2.21362558890372e-33	0.639814363857283	0.864	0.733	4.6809326702958e-29
Dok2	1.12138519221977e-32	-0.505435925455197	0.156	0.402	2.37128112746792e-28
Ly6d	9.67300123682368e-32	1.08706452585277	0.739	0.534	2.04545284153874e-27
Tyrobp	2.99542220265242e-31	0.674287489972848	0.953	0.864	6.3341197897288e-27
Upb1	4.31098312044168e-30	0.66831504783687	0.612	0.366	9.11600490648598e-26
Lsp1	2.45960979672112e-29	0.471130929251167	0.973	0.963	5.20109087614649e-25
Pcdh7	2.78751872007611e-29	-1.26105847888273	0.074	0.265	5.89448708547294e-25
Erg	4.15744546468186e-29	-0.622040982492262	0.161	0.385	8.79133417961625e-25
Gm11361	5.51931004594928e-29	-0.350185653492656	0.229	0.488	1.16711330231644e-24
Cyb561a3	1.10070665287501e-28	0.551432544837719	0.758	0.569	2.3275542881695e-24
Unc93b1	1.64675032871733e-28	0.471756717085	0.917	0.799	3.48221824510566e-24
Hdac9	1.74991196115084e-28	0.901086361452855	0.697	0.493	3.70036383304957e-24
Kctd12	1.75901440161851e-28	0.581776822024996	0.818	0.633	3.71961185366249e-24
Ctsb	2.7869329664467e-28	0.603723558297118	0.915	0.797	5.8932484508482e-24
Rell1	3.31391953849425e-28	0.670370810630278	0.753	0.579	7.00761425609995e-24
Meis1	4.52732758534281e-28	-1.06245785966029	0.281	0.504	9.5734869119659e-24
Arhgap17	5.66736027750119e-28	0.526582500691726	0.91	0.819	1.1984200042804e-23
Bank1	7.91059006051319e-28	-0.544143589879061	0.069	0.254	1.67277337419612e-23
Atp1b1	1.4789530877911e-27	0.553900597922219	0.855	0.61	3.12739419944307e-23
Nrip1	1.52726475023747e-27	-0.588036616171887	0.492	0.725	3.22955404085214e-23
Nptn	3.36002325082543e-27	0.496151669634473	0.888	0.744	7.10510516619545e-23
Il9r	3.51463445727926e-27	-0.33061112588172	0.045	0.212	7.43204602336272e-23
Ctsl	5.19693494880784e-27	0.675664384452715	0.894	0.789	1.09894386427491e-22
Pld4	5.85783595392473e-27	0.528678431199603	0.868	0.679	1.23869799081692e-22
Hlf	6.11950305716607e-27	-0.879649226669278	0.104	0.299	1.29403011646834e-22
Nrp1	2.49116331914387e-26	0.541385130516696	0.644	0.408	5.26781395466162e-22
Marcksl1	6.20130669934084e-26	-0.525296740765093	0.327	0.552	1.31132831464261e-21
Satb1	7.07284461494593e-26	-0.650184186376401	0.669	0.818	1.49562372227647e-21
Il2rg	2.13882553506775e-25	-0.360187401642193	0.186	0.414	4.52276047645426e-21
Man1a	2.36675383727501e-25	-0.750267421805707	0.325	0.544	5.00473766430174e-21
Cd81	2.53480156426237e-25	-0.736304567473206	0.3	0.508	5.36009138778921e-21
Adgrl4	3.36854674367899e-25	-1.13996062160199	0.223	0.425	7.1231289441836e-21
Gng2	4.02921419069532e-25	0.485676507597006	0.867	0.802	8.52017632764432e-21
Ppp1r9b	8.11176538042723e-25	-0.384225835567456	0.216	0.44	1.71531390734514e-20
Apba1	8.67997088103026e-25	0.576080239873125	0.591	0.37	1.83546664250266e-20
Herpud1	1.27617128937784e-24	0.55277669047571	0.76	0.611	2.69859180851838e-20
Runx2	2.46955625123464e-24	0.61220992323757	0.933	0.891	5.22212364886078e-20
Samsn1	2.96851128130494e-24	-0.536022387769328	0.751	0.865	6.27721395544742e-20
Hnrnpa0	3.6550704203209e-24	-0.345818002861752	0.893	0.949	7.72901191081057e-20
Cd180	5.41144990545255e-24	0.543126150671379	0.567	0.353	1.144305197007e-19
Senp6	6.45465261035386e-24	-0.389961025382999	0.824	0.921	1.36490084098543e-19
Grn	9.05971305261184e-24	0.514314134478222	0.807	0.609	1.9157669221053e-19
Plac8	1.27330269063335e-23	0.454276514392467	0.969	0.905	2.69252586961328e-19
Cd7	1.35068829043756e-23	0.637434303902951	0.722	0.514	2.85616545895927e-19
Rbp1	1.4669173919675e-23	-0.887341260616253	0.165	0.357	3.10194351705448e-19
Egfl7	1.52881754475521e-23	-0.6246173192646	0.347	0.57	3.23283758013936e-19
Ier5	1.56467637251859e-23	0.610334412547683	0.776	0.647	3.30866465732781e-19
Carmil1	1.60099217982762e-23	0.603641889592777	0.577	0.357	3.38545806346348e-19
Laptm5	1.60169560341348e-23	0.375016526631167	0.955	0.948	3.38694552297814e-19
Rabgap1l	2.35740430869647e-23	0.660584613670904	0.897	0.847	4.98496715116956e-19
Btg1	2.51674411874452e-23	0.588497255583131	0.843	0.756	5.32190711349716e-19
Rab38	2.77659523434213e-23	-0.462318887091984	0.048	0.198	5.87138828253987e-19
Ppfia4	5.60678566581361e-23	0.491587418085186	0.695	0.491	1.18561089689295e-18
Mecom	6.42211044696766e-23	-2.00905721643482	0.093	0.258	1.35801947511578e-18
Nkx2-3	1.59825948092626e-22	-0.538077057762402	0.05	0.198	3.37967949836668e-18
Tspan32	2.38863936483435e-22	-0.411295148127503	0.132	0.316	5.05101680087871e-18
Sinhcaf	2.83489396292606e-22	-0.444020999014316	0.458	0.648	5.99466677400344e-18
Prkg1	8.53489560932978e-22	-1.15399781314488	0.107	0.274	1.80478902554888e-17
Fth1	9.48907066771018e-22	0.431117226199256	0.994	0.993	2.00655888339399e-17
H2-DMa	1.10907039742918e-21	0.608622539221193	0.705	0.577	2.34524026240374e-17
Pde4d	1.23703647934406e-21	-1.28071870110076	0.38	0.566	2.61583733922094e-17
BC035044	1.70912852442095e-21	0.424395445580051	0.835	0.717	3.61412317774053e-17
Fgd4	1.80300573179624e-21	-0.343574771788069	0.112	0.287	3.81263592045633e-17
Btg2	2.31634467341478e-21	0.614212132631665	0.771	0.669	4.89814244640289e-17
Nrxn1	2.78870685406809e-21	-0.763116283650606	0.077	0.233	5.89699951361238e-17
Car2	2.79319029720005e-21	-0.805507767491501	0.161	0.342	5.90648020245923e-17
Plek	3.15054078555089e-21	0.483556838375334	0.72	0.547	6.6621335451259e-17
Itpr1	3.41302391479624e-21	0.504912551257539	0.883	0.831	7.21718037022813e-17
Myct1	4.66512269638724e-21	-0.466184461507051	0.059	0.205	9.86486845378047e-17
Bloc1s2	4.76463329684843e-21	0.411911227297566	0.897	0.814	1.00752935695157e-16
Fcrla	5.56498232923933e-21	0.560082640850439	0.317	0.135	1.17677116334095e-16
Txnrd1	5.92646709105853e-21	-0.381114026115325	0.275	0.482	1.25321073107524e-16
2610307P16Rik	7.06576246371671e-21	-0.661195843031556	0.281	0.485	1.49412613057754e-16
Cd53	1.09106522292181e-20	0.416453515003701	0.853	0.767	2.30716652039046e-16
Tex2	1.17913609223194e-20	0.59164534078191	0.752	0.602	2.49340118063367e-16
Calcrl	1.27608272957125e-20	-0.731798280885515	0.299	0.483	2.69840453995138e-16
Uvrag	1.75598065671015e-20	0.514529352344778	0.899	0.846	3.71319669667928e-16
Ncl	2.43749770442241e-20	-0.415145548495746	0.939	0.97	5.15433264577163e-16
Alcam	3.48458631736332e-20	0.65749179823154	0.541	0.352	7.36850622669648e-16
Map7	3.60510676817097e-20	-0.333642742945581	0.24	0.437	7.62335877197434e-16
Ccr9	4.02788916082709e-20	0.700778330552282	0.665	0.507	8.51737441948497e-16
Ptms	4.69668273476359e-20	0.489051229657046	0.653	0.475	9.93160531093109e-16
Pde3b	5.0029490832255e-20	-0.639710893539209	0.368	0.582	1.05792361313886e-15
Tox	5.38936188875628e-20	-0.320660046381176	0.227	0.436	1.1396344649964e-15
Serp1	5.66906773053883e-20	0.456700466615685	0.864	0.807	1.19878106229974e-15
Emcn	6.16762265791941e-20	-0.273144567742047	0.057	0.195	1.30420548724364e-15
Clec2d	6.32724612396515e-20	0.47042226279685	0.553	0.379	1.33795946537367e-15
Actb	6.57239473776846e-20	0.304453728990487	0.992	0.992	1.38979859124852e-15
Foxp1	7.42938853598057e-20	-0.497060564180996	0.953	0.981	1.57101849981845e-15
Msi2	8.48983086458217e-20	-0.803893222115443	0.671	0.788	1.79525963462455e-15
Selenbp1	9.11149946501944e-20	-0.295896459369758	0.101	0.263	1.92671767687301e-15
Fcer1g	9.2061735143603e-20	0.451278237368002	0.892	0.815	1.94673745134663e-15
Atxn1	1.0423916465826e-19	-0.557779587945738	0.126	0.293	2.20424137586356e-15
Pkig	1.28459915934404e-19	0.434855121691298	0.851	0.765	2.71641338234892e-15
Cdk17	1.81986691125349e-19	-0.561000585402059	0.397	0.584	3.84829057053663e-15
Cyth4	2.10718638964948e-19	0.402201736671685	0.873	0.79	4.45585633955278e-15
Pard3b	2.16170339746097e-19	-0.523702800561832	0.147	0.32	4.57113800427098e-15
Jaml	2.86421404028883e-19	0.537749247883158	0.593	0.409	6.05666700959476e-15
Vamp5	3.22828449519032e-19	-0.502897193245929	0.17	0.345	6.82653039352944e-15
Hacd4	3.71195770673559e-19	-0.501186799932584	0.09	0.242	7.84930576666307e-15
Cox6a2	4.3047934802505e-19	0.934404495835046	0.619	0.462	9.1029162933377e-15
Dnajc7	4.55194971574853e-19	0.522724614135128	0.908	0.886	9.62555286892185e-15
Kdm5b	6.02751565997205e-19	-0.386163524567477	0.367	0.563	1.27457846145769e-14
Gm34680	6.0853834229256e-19	0.701317344786168	0.509	0.329	1.28681517861185e-14
Mllt3	7.77469835672302e-19	-0.878189548162749	0.184	0.355	1.64403771451265e-14
Klrd1	7.79615873035051e-19	0.518601114677902	0.53	0.334	1.64857572511992e-14
Igfbp4	7.91659269776425e-19	-0.373103896065431	0.294	0.506	1.67404269186923e-14
Mir99ahg	9.17090355881384e-19	-0.68662621549922	0.154	0.322	1.93927926654678e-14
Tnrc18	9.83930917852856e-19	-0.361913606953632	0.313	0.507	2.08062031889165e-14
Ldhb	1.64069738225298e-18	-0.490749914093939	0.289	0.474	3.46941868451216e-14
Npm1	2.27888136410549e-18	-0.318142386457048	0.981	0.993	4.81892253253746e-14
Ube2i	2.54516575055683e-18	-0.336566224145686	0.818	0.908	5.38200749612747e-14
Tes	3.76955336141801e-18	-0.32522277264187	0.308	0.495	7.97109753805451e-14
Fmnl2	4.04247197778843e-18	0.478401270422011	0.781	0.647	8.5482112442314e-14
Gm17018	4.07546319178911e-18	-0.299470909667691	0.262	0.463	8.61797446535725e-14
Gm2a	4.08223137585484e-18	0.408865464016722	0.777	0.635	8.63228646738264e-14
St6galnac3	5.39904905303507e-18	-0.312451040912423	0.077	0.218	1.1416829127548e-13
Stat4	5.50310809587392e-18	-0.384988089417386	0.22	0.405	1.1636872379535e-13
Trim30d	6.05194250760408e-18	0.410647996092904	0.469	0.293	1.27974376265796e-13
H2-Aa	6.89447840908784e-18	1.20954748476692	0.208	0.069	1.45790640438571e-13
Actg1	7.95848813942274e-18	0.393215224246573	0.969	0.98	1.68290190196233e-13
Cd300lf	9.95275504047651e-18	0.256698565830286	0.305	0.135	2.10460958085916e-13
Irf5	1.02462826519309e-17	0.409299777693151	0.502	0.323	2.1666789295773e-13
Ctla2a	1.13222914694871e-17	-0.73970478583242	0.287	0.467	2.39421175413773e-13
Gucy1a1	1.14209907834722e-17	-0.331908448829321	0.037	0.152	2.41508271107302e-13
Hoxa3	1.31239029032563e-17	-0.287269318910122	0.091	0.236	2.77518050792259e-13
Ctsz	1.54475335176485e-17	0.33580503193929	0.93	0.864	3.26653543764196e-13
Afap1l1	1.88363147582546e-17	-0.354494295222214	0.114	0.265	3.98312711878051e-13
Kctd1	1.98773346909231e-17	-0.442287212469784	0.206	0.383	4.20326119374261e-13
Eepd1	2.6293796601349e-17	0.46786143849526	0.571	0.397	5.56008622932125e-13
Gna15	2.71755727418173e-17	0.440518155573485	0.593	0.443	5.74654661198468e-13
Lmo2	3.0621774799645e-17	-0.737730436916334	0.546	0.691	6.47528049913292e-13
Tal1	3.70125725093211e-17	-0.255552831616172	0.052	0.175	7.82667858282104e-13
Setbp1	6.78309638234865e-17	0.609000450166333	0.54	0.374	1.43435356101145e-12
Prdx2	8.76449176064182e-17	-0.38686731465465	0.802	0.873	1.85333942770532e-12
Myb	1.03957412005035e-16	-0.475360690936957	0.507	0.66	2.19828343425846e-12
Mctp2	1.15807912209586e-16	0.555576467277753	0.758	0.654	2.4488741115839e-12
5031439G07Rik	1.32680457719554e-16	0.436501937415602	0.566	0.422	2.80566095893768e-12
Gbp7	1.32872926366554e-16	-0.267514664706625	0.134	0.291	2.80973090094714e-12
Irf2bp2	1.51221426189247e-16	0.37654576770214	0.875	0.814	3.19772827819781e-12
Hoxa5	1.69670090203188e-16	-0.397336817170217	0.066	0.191	3.58784372743661e-12
March1	1.74642380455495e-16	0.497413932330751	0.342	0.178	3.69298777711189e-12
Cldnd1	1.91915697697438e-16	0.481203968364397	0.701	0.605	4.05824934351003e-12
Gng10	1.97276283057355e-16	0.361392590881796	0.89	0.864	4.17160428153084e-12
Erp29	2.09117920910687e-16	0.293928257824698	0.957	0.938	4.42200755557739e-12
Trim30a	2.7126430577429e-16	0.455389566099065	0.773	0.687	5.73615500990314e-12
Susd1	3.48276847648166e-16	-0.390842427209061	0.339	0.53	7.36466222036812e-12
Chil5	3.64464772334294e-16	-0.256707304601048	0.038	0.147	7.70697207578097e-12
Scimp	3.90192549008569e-16	0.478382185459022	0.438	0.262	8.25101164133521e-12
Rhobtb3	3.9834776816328e-16	-0.270416505374654	0.073	0.2	8.42346190558071e-12
Serbp1	4.19113867844185e-16	-0.26343887032875	0.953	0.964	8.86258184943315e-12
Cpq	4.50891113345771e-16	-0.448718435322591	0.406	0.581	9.53454348280968e-12
Cxcr3	5.51788218141529e-16	0.358904095836038	0.264	0.116	1.16681136608208e-11
C530008M17Rik	8.75572631408617e-16	-0.368321711351816	0.082	0.21	1.85148588637666e-11
Elf1	9.06274260462181e-16	-0.318673232887229	0.86	0.941	1.91640755117333e-11
Smim5	9.82499049860912e-16	0.517988590300689	0.555	0.4	2.07759249083588e-11
Tbxas1	1.11518648759211e-15	-0.495625549817132	0.062	0.181	2.35817334666227e-11
Maml3	1.18808143305954e-15	-0.519760794283648	0.657	0.806	2.51231699834771e-11
Adgrg1	1.32056694564661e-15	-0.435850444522015	0.277	0.437	2.79247086326432e-11
Lifr	1.33749163176702e-15	0.415971106885408	0.472	0.287	2.82825980453453e-11
Id3	1.3573112314591e-15	0.608096139373211	0.65	0.488	2.87017033004341e-11
Tbc1d8	1.43352778024122e-15	0.41863259869622	0.58	0.414	3.03133784409808e-11
Bmyc	1.43864147941707e-15	0.385588586741829	0.805	0.761	3.04215127237534e-11
1110038B12Rik	1.44459349601325e-15	-0.377691587314918	0.568	0.719	3.05473740666962e-11
Il7r	1.82276249248182e-15	0.419128679205807	0.792	0.637	3.85441356660207e-11
Prkcb	1.95059282660554e-15	0.507731423380552	0.681	0.551	4.12472359114007e-11
Prmt1	1.97239226714639e-15	-0.375598125755166	0.751	0.835	4.17082068810776e-11
Ppm1m	1.98775572347548e-15	0.408157037590413	0.62	0.486	4.20330825286125e-11
Tfrc	2.24154331355873e-15	0.484976174814982	0.723	0.633	4.73996749085128e-11
Lyn	2.31158295211039e-15	0.361099693978065	0.914	0.863	4.88807331053263e-11
Ssbp2	2.32969902213061e-15	-0.402916554790838	0.772	0.883	4.92638155219739e-11
Col4a2	2.4046877150152e-15	-0.262578473553764	0.019	0.109	5.08495264217115e-11
Serpinb1a	2.42079362004172e-15	-0.40669090555963	0.193	0.357	5.11901018894021e-11
Pitpnc1	2.81593444655985e-15	-0.372046183924767	0.253	0.43	5.95457498069545e-11
Sp100	3.13837002868099e-15	0.41759813498557	0.785	0.695	6.63639726264881e-11
Ighm	3.64909027042852e-15	0.362626159678259	0.931	0.797	7.71636628584814e-11
Fyb	3.79497289778227e-15	0.518092815484682	0.792	0.704	8.02484968965039e-11
Hmcn1	3.91682925921522e-15	-0.276480780012696	0.024	0.117	8.28252715153651e-11
Cd63	4.03927798147921e-15	-0.407310605650515	0.133	0.277	8.54145721963594e-11
Kif2a	4.81713860775818e-15	-0.374357119502867	0.488	0.649	1.01863212999654e-10
Snx18	4.81811357534876e-15	0.452428933870751	0.658	0.559	1.01883829664325e-10
Grb10	4.85936358096487e-15	-0.348630438271123	0.034	0.135	1.02756102283083e-10
Fut8	5.99629361742462e-15	-0.635689891642136	0.473	0.626	1.26797624834061e-10
Klk8	6.86225317928198e-15	-0.360299684460804	0.491	0.667	1.45109205729097e-10
Gfi1	6.97452364048051e-15	-0.273977120562475	0.081	0.205	1.47483276901601e-10
Pdzk1ip1	8.10883191729312e-15	-0.274355814039122	0.021	0.111	1.7146935972308e-10
Magi1	9.49255865024749e-15	-0.258482245022285	0.032	0.13	2.00729645218134e-10
Ifitm2	9.94633576380217e-15	-0.666110243529474	0.407	0.55	2.10325216061361e-10
Clec12a	9.98156653554389e-15	0.450424026126458	0.75	0.591	2.11070205960611e-10
Nop58	1.0003739557555e-14	-0.330433487536953	0.684	0.812	2.11539076684059e-10
Tcf4	1.13189608143313e-14	0.376315458280135	0.96	0.956	2.39350745379851e-10
Ctnnal1	1.15384551130459e-14	-0.305214206258426	0.062	0.179	2.43992171820468e-10
Mir142hg	1.36443671300554e-14	0.463441227666049	0.789	0.692	2.88523787332152e-10
Nucb2	1.38035201443087e-14	0.438564123155462	0.621	0.477	2.91889236971553e-10
Arid2	1.57326214488191e-14	-0.29607213069829	0.449	0.64	3.32682013156728e-10
Trim12a	2.00797348846719e-14	0.3707534755068	0.493	0.352	4.24606073871273e-10
Csgalnact1	2.20355146756569e-14	-0.317772283142033	0.059	0.171	4.65962993331441e-10
Pglyrp2	3.1018976765056e-14	-0.305029605679409	0.113	0.246	6.55927282673874e-10
Chd3	3.49672961942104e-14	-0.26498859762374	0.06	0.172	7.39418445322773e-10
Prdm16	3.8106127169628e-14	-0.28618710398907	0.041	0.141	8.05792165128953e-10
Plscr3	3.89228464844689e-14	-0.258665614960458	0.291	0.467	8.23062511760578e-10
Ruvbl1	4.69011247730031e-14	-0.297981678408379	0.485	0.634	9.91771184449923e-10
Skap2	5.00882853074676e-14	0.351422064553801	0.795	0.737	1.05916688111171e-09
H2-Eb1	5.09450706478638e-14	0.774156252333895	0.144	0.041	1.07728446391973e-09
Cd24a	5.42753693675017e-14	-0.269276849476922	0.219	0.385	1.14770696064519e-09
Prdx1	5.6398996039865e-14	-0.286965162940559	0.897	0.935	1.19261317025899e-09
Igf1	6.0222245676693e-14	-0.260800170611183	0.024	0.111	1.27345960707935e-09
Net1	6.38394846494343e-14	0.448811255241102	0.653	0.525	1.34994974239694e-09
Gbp4	6.52206784340471e-14	0.327414879962342	0.266	0.128	1.37915646616636e-09
Zfp704	6.99899943367623e-14	-0.383973831847622	0.236	0.392	1.48000842024518e-09
Slamf6	7.03861912417007e-14	0.431950855570421	0.459	0.306	1.488386399997e-09
8430419K02Rik	7.14947698789459e-14	-0.259056723463706	0.028	0.117	1.51182840386019e-09
P2ry14	7.57173243324632e-14	0.502565074611514	0.579	0.436	1.60111854033427e-09
Fkbp3	7.67124833450338e-14	-0.310241740126788	0.791	0.877	1.62216217281409e-09
Arid3a	7.81103902359345e-14	0.397531378937892	0.724	0.643	1.65172231192907e-09
Maged2	8.15190042615449e-14	-0.322716349510413	0.088	0.209	1.72380086411463e-09
Cd52	8.1661427429857e-14	0.505337313839578	0.893	0.801	1.72681254443176e-09
Gm15987	9.84954881563052e-14	0.419324857376681	0.302	0.16	2.08278559255323e-09
Cdk4	9.95929862962839e-14	-0.339932201150132	0.727	0.84	2.10599328822122e-09
Ifi30	1.00661061667452e-13	0.356016107506988	0.697	0.531	2.12857881001994e-09
Tmed3	1.07190851389115e-13	0.345900639358826	0.832	0.771	2.26665774347422e-09
Tmem163	1.10790524135564e-13	0.503643683226828	0.474	0.303	2.34277642337063e-09
Rsbn1l	1.14455291869212e-13	-0.376189075398343	0.623	0.789	2.42027160186635e-09
Gria3	1.15136709042372e-13	0.365178600337629	0.853	0.729	2.43468084940999e-09
Ccnd1	1.21641642276752e-13	0.436662160511104	0.778	0.678	2.57223416758419e-09
Paip2	1.24732863985111e-13	-0.285681333641579	0.858	0.935	2.63760114182915e-09
Dnmt3b	1.49355521945874e-13	-0.254157684190672	0.187	0.34	3.15827186706746e-09
Ikzf2	1.56979482280399e-13	-0.714292426013897	0.228	0.367	3.31948813230131e-09
Plcb4	1.66167742880515e-13	-0.317437750645543	0.228	0.393	3.51378309095138e-09
Ubl3	1.79491608231121e-13	0.36277212211461	0.805	0.726	3.79552954765529e-09
Mpl	1.94677676537477e-13	-0.269448031312147	0.083	0.199	4.11665414806148e-09
Socs2	2.05697021278947e-13	-0.252437519952797	0.056	0.161	4.34966921196462e-09
Aprt	2.10497724669838e-13	-0.323502320063125	0.64	0.783	4.45118488586839e-09
H2-T23	2.28988459343584e-13	0.346200336724467	0.821	0.722	4.84218996127943e-09
Rexo2	2.31350379630638e-13	0.422943490583856	0.826	0.786	4.89213512766948e-09
Kynu	2.33633610666301e-13	0.376122105902148	0.597	0.423	4.9404163311496e-09
Orai1	3.09490644257657e-13	-0.298644562694316	0.366	0.528	6.54448916347241e-09
Mfng	3.25783121342203e-13	-0.252644807218287	0.27	0.436	6.88900988390221e-09
Arhgap27os2	3.27715612640225e-13	0.345478878532148	0.328	0.182	6.92987434489021e-09
Smyd3	4.01924388684503e-13	-0.397560540035369	0.482	0.656	8.4990931231225e-09
Pebp1	4.19324057084598e-13	-0.307694098940501	0.873	0.91	8.86702651111091e-09
Nedd4	4.59018173930146e-13	-0.33468108118535	0.75	0.86	9.70639830592686e-09
Stk26	5.36098034728708e-13	-0.269707977487978	0.316	0.477	1.13363290423733e-08
Npc2	5.95795162625546e-13	0.279831690733432	0.951	0.931	1.25986845088798e-08
Gng11	6.35749189701006e-13	-0.283605919216411	0.067	0.173	1.34435523654175e-08
Dach1	6.48223949580218e-13	-0.456594555053258	0.062	0.168	1.37073436378233e-08
Dipk1a	6.72467526125145e-13	0.366211817413006	0.625	0.512	1.42199983074423e-08
6030498E09Rik	6.77588192451193e-13	-0.326933655702428	0.033	0.122	1.43282799175729e-08
Ptprc	6.81438523164705e-13	0.342533547267593	0.929	0.906	1.44096990108409e-08
Cct3	7.1253720666684e-13	-0.315296820157017	0.699	0.819	1.5067311772177e-08
Ddah2	7.4844669160352e-13	-0.276225917317505	0.248	0.41	1.5826653740648e-08
Slc49a4	8.09559952056534e-13	0.401586610553455	0.734	0.62	1.71189547461875e-08
Rbbp7	8.19496523146167e-13	-0.302636014196969	0.658	0.789	1.73290734784488e-08
Nme4	8.47570120618003e-13	-0.304015491550728	0.332	0.498	1.79227177705883e-08
Glo1	9.78952215359238e-13	-0.286169490363883	0.598	0.748	2.07009235459864e-08
Inpp4a	1.05310326012032e-12	0.372867170301355	0.473	0.323	2.22689215385043e-08
Fgfr1op2	1.13997299919787e-12	0.329286519589505	0.857	0.826	2.41058690410382e-08
Ahnak	1.16014213539676e-12	0.346445467045436	0.646	0.485	2.45323655950999e-08
Litaf	1.16351754553622e-12	0.396053590690876	0.682	0.588	2.46037420179089e-08
Cct6a	1.23459454940994e-12	-0.28707318989461	0.725	0.826	2.61067363418227e-08
Btla	1.35118726238922e-12	0.411883432438905	0.345	0.203	2.85722058504825e-08
Bclaf3	1.41027130859558e-12	-0.301456568702347	0.263	0.415	2.98215970915621e-08
Plbd1	1.62408473426838e-12	0.335896824071319	0.119	0.031	3.43428957908392e-08
Mtf2	1.65138452393042e-12	-0.268325493932737	0.433	0.584	3.49201771430326e-08
Sp140	1.68215545864841e-12	0.36177366982428	0.687	0.595	3.55708593285794e-08
Cnn3	1.69558007593216e-12	-0.342483286823397	0.261	0.414	3.58547362856614e-08
Set	1.85329465783169e-12	-0.28245080781982	0.919	0.953	3.91897688345088e-08
Ltb	2.03298793774544e-12	-0.409188589027658	0.241	0.391	4.29895629315651e-08
Mif	2.11288415199605e-12	-0.371187139364356	0.893	0.936	4.46790482781085e-08
Cdk6	2.3769324996658e-12	-0.391016440810787	0.485	0.645	5.02626146379331e-08
Eef1g	2.42768312320909e-12	-0.268707061746833	0.896	0.94	5.13357873233794e-08
Gimap1	2.44594611705957e-12	-0.330233235381071	0.507	0.664	5.17219765913416e-08
Rock2	3.08511922021634e-12	-0.389947565008721	0.707	0.799	6.52379310306948e-08
Aff3	3.3681674537792e-12	0.316166496940872	0.85	0.782	7.12232689776149e-08
Idh2	3.61592654553426e-12	-0.290559948551875	0.778	0.854	7.64623827318674e-08
Kcnq1ot1	3.62470038232524e-12	-0.448063674990875	0.391	0.546	7.66479142846495e-08
Phtf2	3.69955340896432e-12	-0.426844676804306	0.318	0.462	7.82307563859595e-08
Xbp1	3.97747914010928e-12	0.359328686516142	0.689	0.59	8.41077738967508e-08
Il10ra	4.2832973727088e-12	0.323874013502301	0.387	0.251	9.05746062433003e-08
Snrnp25	4.6397502101499e-12	-0.256886279610289	0.434	0.594	9.81121579438298e-08
Mrpl34	4.85628032306864e-12	-0.275844233754323	0.714	0.815	1.0269090371161e-07
Dcun1d1	4.98161496709843e-12	-0.407065544613457	0.344	0.496	1.05341230094263e-07
Cnot6l	5.07680449017848e-12	-0.305605755708912	0.65	0.771	1.07354107749314e-07
Cnp	5.17124990003219e-12	0.339457919185228	0.791	0.681	1.09351250386081e-07
Plaur	5.19696349739945e-12	0.491487926207541	0.466	0.329	1.09894990116009e-07
Camk1d	5.35974885382122e-12	0.407699525005024	0.895	0.873	1.13337249262904e-07
Snrpa1	5.54869783319804e-12	-0.283455033496307	0.668	0.774	1.17332764380806e-07
Hnrnpab	5.7977341305086e-12	-0.267041327402713	0.834	0.904	1.22598885923735e-07
Rassf4	6.01196644844055e-12	0.328596110868827	0.501	0.351	1.27129042518724e-07
1500011B03Rik	6.14753045850278e-12	-0.267627894969448	0.437	0.601	1.299956790755e-07
Atpif1	6.33085084904659e-12	-0.317645914095791	0.827	0.879	1.33872172053939e-07
Glcci1	6.33859391628659e-12	0.440330720405018	0.504	0.353	1.34035906953796e-07
Coro2a	6.95495783759563e-12	0.316556482903175	0.778	0.694	1.47069538433797e-07
Fgr	7.72191821127534e-12	0.395150047746863	0.53	0.367	1.63287682495628e-07
Il15	8.77480743023848e-12	-0.306174972074298	0.093	0.204	1.85552077919823e-07
Snx5	9.71037894224365e-12	0.338850182698885	0.901	0.865	2.05335673112684e-07
Bhlhe40	1.02998969277104e-11	0.288882500376992	0.194	0.084	2.17801620433364e-07
Tpd52	1.10449951852306e-11	0.323875495161895	0.87	0.842	2.33557468186887e-07
Gm12253	1.18157147947413e-11	0.402196372652257	0.41	0.269	2.49855105049599e-07
Isyna1	1.31859788776668e-11	-0.27867351412427	0.377	0.533	2.78830709347143e-07
Pacsin1	1.41020956796139e-11	0.385990967558055	0.614	0.475	2.98202915241115e-07
Cd68	1.44359099664102e-11	0.328328057905747	0.396	0.258	3.0526175214971e-07
Tmem223	1.4846612818852e-11	-0.295263378776039	0.475	0.63	3.13946474667445e-07
Tmem229b	1.50906409544141e-11	0.28531203460179	0.677	0.546	3.19106693622041e-07
4933406I18Rik	1.53852035920464e-11	-0.299540354025958	0.116	0.237	3.25335515157414e-07
Eif5a	1.6959855597697e-11	-0.260917631022509	0.945	0.956	3.586331064689e-07
Tsc22d3	1.77309363308691e-11	0.434235334689965	0.693	0.62	3.74938379652558e-07
Rsl1d1	2.02149899673993e-11	-0.270503203300265	0.712	0.815	4.27466177850626e-07
Ptprm	2.31833454795343e-11	-0.265811965398996	0.062	0.159	4.90235023510233e-07
B2m	2.40799260117013e-11	-0.283905882915779	0.887	0.931	5.09194115443436e-07
Camk2d	2.43570523259482e-11	-0.257242486582502	0.39	0.549	5.150542284845e-07
Tfdp2	2.86518471834076e-11	-0.262099189215002	0.343	0.493	6.05871960540337e-07
Ndufs3	3.39940315809153e-11	-0.250098188210387	0.665	0.781	7.18837791810034e-07
Mef2c	3.40017372886956e-11	-0.257605628873662	0.986	0.996	7.19000736706758e-07
Ero1lb	3.52997489360733e-11	0.358626017843191	0.491	0.365	7.46448491002206e-07
Fos	3.63898951333419e-11	0.656127561163039	0.805	0.786	7.69500722489647e-07
Zfp36l1	4.11365980135965e-11	0.457977834885952	0.59	0.469	8.69874501595512e-07
Dtnbp1	4.12900069796858e-11	-0.268247592603724	0.553	0.68	8.73118487592436e-07
Cadm1	4.18123692982376e-11	0.474662197661403	0.444	0.3	8.84164361180533e-07
Impdh2	4.20953743875256e-11	-0.293600021913191	0.637	0.773	8.90148786798617e-07
Ttc3	4.94614218560446e-11	-0.299661239035136	0.456	0.601	1.04591122656792e-06
Ncf1	4.99819104783698e-11	0.346037962837513	0.684	0.579	1.05691747897561e-06
Clic4	5.18641547231067e-11	0.391197684965154	0.752	0.686	1.09671941577481e-06
Bmp2k	5.37137550708676e-11	0.377621985294951	0.709	0.64	1.13583106472857e-06
Slc44a2	5.40712355884641e-11	0.371369123146363	0.669	0.584	1.14339034775366e-06
Adgre5	5.57941185880399e-11	0.434798571488227	0.427	0.293	1.17982243166269e-06
Serf1	6.02110502739453e-11	-0.264815361351356	0.305	0.444	1.27322286909285e-06
Nfil3	6.08989651246577e-11	-0.372960888322821	0.113	0.224	1.28776951652601e-06
Ucp2	6.333620799693e-11	0.280401085986195	0.914	0.876	1.33930745430308e-06
Gpr183	6.34151111388048e-11	0.532235617086904	0.436	0.31	1.34097594014117e-06
Arl5c	6.61091436592455e-11	0.389472525704785	0.477	0.336	1.3979439518184e-06
Swap70	6.72343095461746e-11	-0.268149750999161	0.289	0.435	1.42173670966341e-06
Ppme1	6.98233773561584e-11	-0.251818579676735	0.244	0.389	1.47648513757332e-06
Tagln2	7.5956909405724e-11	0.28116371867948	0.929	0.937	1.60618480629344e-06
Crlf3	8.28981986460833e-11	-0.304600113977647	0.679	0.801	1.75296530857008e-06
Hsp90b1	8.50054339238114e-11	0.283977092481368	0.969	0.97	1.79752490575292e-06
Ptpn6	8.66966330695072e-11	0.290978721417488	0.84	0.814	1.8332870028878e-06
Tubgcp5	9.17598809022353e-11	0.352898652462505	0.712	0.613	1.94035444155867e-06
Stambpl1	9.30571458087372e-11	0.381960041685282	0.697	0.592	1.96778640527156e-06
Pnp	9.62099663002483e-11	-0.524496677729921	0.569	0.687	2.03445594738505e-06
Psip1	1.00885611083697e-10	-0.287908849043584	0.64	0.78	2.13332713197586e-06
Ocrl	1.03335130010886e-10	-0.250274701248566	0.093	0.199	2.1851246592102e-06
Npc1	1.0732112295707e-10	0.372560373854089	0.482	0.358	2.2694124660502e-06
Ap3s1	1.12086345525538e-10	-0.280820873916777	0.313	0.457	2.37017786248302e-06
Fkbp1a	1.12946256169524e-10	-0.275039338752726	0.683	0.794	2.38836153296075e-06
Hspd1	1.17250850931e-10	-0.380639458505764	0.803	0.854	2.47938649378692e-06
Syngr2	1.34618517868206e-10	0.319800283199092	0.758	0.684	2.84664317884109e-06
Dock10	1.43813688780416e-10	0.376693772693085	0.907	0.872	3.04108426295067e-06
Evi2a	1.63888469867708e-10	0.285171339557042	0.482	0.34	3.46558558382255e-06
Peak1	1.69507567957759e-10	-0.309231877437779	0.266	0.411	3.58440703203477e-06
Gimap6	1.72887807537243e-10	-0.541793090818073	0.487	0.597	3.65588557818255e-06
Scpep1	2.0837914202517e-10	0.322319301987165	0.562	0.445	4.40638533726424e-06
Stx7	2.17470838882396e-10	0.329676437246305	0.723	0.627	4.59863835900716e-06
Lrmda	2.56802357541858e-10	-0.502427892270162	0.377	0.509	5.43034265258014e-06
Tnni2	2.70166023532752e-10	0.340847996070883	0.668	0.569	5.71293073362357e-06
Smarcc1	2.82230310924841e-10	-0.264624535350993	0.6	0.735	5.9680421548167e-06
Ran	3.02295853321848e-10	-0.305638501807514	0.882	0.938	6.39234811434379e-06
Hdac2	3.52206506562062e-10	-0.255839815863036	0.452	0.601	7.44775878776135e-06
Klf12	3.62302034027929e-10	-0.265640829315771	0.053	0.137	7.66123881155459e-06
Tspan13	3.63219124080757e-10	0.366448830941958	0.814	0.79	7.6806315978117e-06
Sdc1	3.67518625362766e-10	-0.274441964416877	0.153	0.269	7.77154885192106e-06
Lgals3	3.77623650741206e-10	0.524251885266057	0.294	0.169	7.98522971857354e-06
Klhl6	3.79538041178068e-10	0.353469176257263	0.74	0.677	8.02571141875143e-06
Elmo1	3.81713050354376e-10	-0.399779263056444	0.752	0.841	8.07170416279363e-06
Sema4b	3.90927276974622e-10	0.345922753958246	0.454	0.327	8.26654819890535e-06
Sorl1	4.21118096773299e-10	0.387579098524303	0.426	0.305	8.90496327436818e-06
Hspa4	4.43598368397109e-10	-0.288822426189935	0.834	0.908	9.38033109812526e-06
St8sia4	4.83186899886938e-10	0.284239263948156	0.911	0.89	1.02174701850092e-05
Pan3	5.47794868892733e-10	-0.303849934420492	0.728	0.822	1.15836702976057e-05
Cpsf6	5.50835191801777e-10	-0.289469657728941	0.631	0.761	1.16479609658404e-05
Magoh	5.62982017720428e-10	-0.256086367662906	0.675	0.783	1.19048177467162e-05
Gns	6.94798218428743e-10	0.357260533383301	0.556	0.444	1.46922031268942e-05
Pdcd4	7.45135572066162e-10	-0.266935007172806	0.681	0.786	1.57566368069111e-05
Ppp1r9a	7.51860571763324e-10	-0.318524564209385	0.116	0.219	1.58988436505073e-05
Itgb7	7.66300121800973e-10	0.327966957642711	0.48	0.35	1.62041823756034e-05
Prkcd	8.12566325919314e-10	0.298942050582207	0.562	0.47	1.71825275278898e-05
Atxn10	8.24902247747209e-10	-0.250910948961165	0.699	0.801	1.74433829308625e-05
Adgrg3	8.48923366099764e-10	-0.291999309149628	0.182	0.306	1.79513334995456e-05
Gna11	8.56991935044306e-10	0.308569979100603	0.39	0.28	1.81219514584469e-05
St7	8.87738388469954e-10	-0.298649183592914	0.301	0.436	1.87721159625857e-05
Zfp608	1.24505646976518e-09	-0.351126572046848	0.664	0.776	2.63279641096546e-05
Plp2	1.25531405431783e-09	0.304417036048618	0.59	0.487	2.65448709926047e-05
Kit	1.37558836018807e-09	-0.294013833056848	0.264	0.393	2.90881914645369e-05
Bfsp2	1.5960151112112e-09	-0.304354881821026	0.108	0.212	3.3749335541672e-05
Tcirg1	1.60046418079047e-09	0.278783299268015	0.44	0.325	3.38434155669953e-05
Ifitm1	1.6884540259588e-09	-1.04361474007574	0.317	0.432	3.57040488329248e-05
Frat2	1.79078872973179e-09	-0.259799639658555	0.328	0.461	3.78680184789084e-05
Ptprj	1.80463411334448e-09	0.355886168128527	0.7	0.617	3.81607929607824e-05
Sesn1	1.82201901546418e-09	-0.286237211623294	0.385	0.521	3.85284141010055e-05
Sik1	1.86850709118022e-09	0.30822004728917	0.796	0.732	3.9511450950097e-05
Ccdc88a	2.07262142317932e-09	0.363813893320231	0.606	0.521	4.382765261455e-05
Prkca	2.39955205455707e-09	0.378002547900941	0.792	0.762	5.07409277456639e-05
Arhgap31	2.68108387160977e-09	-0.258764363447732	0.133	0.242	5.66941995490603e-05
Nop10	2.84597163077006e-09	-0.278260261930563	0.83	0.884	6.01809161042637e-05
Etv6	3.15202118128471e-09	-0.349519938229649	0.837	0.905	6.66526398994465e-05
Sfr1	3.26514093364089e-09	-0.250878035477394	0.814	0.868	6.90446701827702e-05
Tmem176b	3.31169748330284e-09	-0.363824768294905	0.515	0.623	7.00291549819218e-05
Klk1	3.41781484048131e-09	0.615411603967871	0.204	0.104	7.22731126168178e-05
Il6ra	3.66393740781039e-09	0.330072501274607	0.4	0.294	7.74776204255585e-05
Gramd3	3.72051345084764e-09	0.255692583371605	0.207	0.11	7.86739774316242e-05
Cd44	3.83370688294828e-09	0.351072981556459	0.71	0.649	8.10675657468244e-05
H2-Ab1	3.98946529390274e-09	0.860461337539263	0.197	0.104	8.43612331048674e-05
Igf2bp3	4.14638958643455e-09	-0.269798553472143	0.583	0.698	8.76795541947449e-05
Mzb1	4.34575820254997e-09	0.375727933741333	0.751	0.698	9.18954029511216e-05
St6gal1	4.6290846922463e-09	0.334634478789681	0.379	0.259	9.78866249022402e-05
Plekho1	4.8999936763592e-09	0.301944371144271	0.737	0.685	0.000103615266280292
Batf3	4.99503906817088e-09	0.379402004254754	0.136	0.056	0.000105625096135541
Pafah1b3	5.18012189238994e-09	0.290384162726826	0.835	0.789	0.000109538857536478
Pkib	5.81066229662043e-09	0.364253111395933	0.593	0.502	0.000122872264924336
St8sia1	5.84240442220236e-09	0.32170140794594	0.42	0.3	0.000123543483911891
Arid1b	6.16986183485109e-09	-0.326002904287608	0.68	0.776	0.000130467898359761
Syk	6.51062113221179e-09	0.34383816013056	0.779	0.712	0.000137673594461751
Hmgb3	6.61942843723689e-09	-0.288829355277002	0.338	0.464	0.000139974433733811
Ppa1	6.77455928491492e-09	-0.272524993615474	0.416	0.54	0.000143254830638811
Atp6ap2	7.81526651279720e-09	0.284295218041977	0.782	0.731	0.000165261625679609
Iqgap2	7.90844779015816e-09	0.258843688433168	0.894	0.864	0.000167232036970685
Gas7	8.5348758840309e-09	0.334905007100621	0.374	0.261	0.000180478485443717
Nme1	8.88331043342717e-09	-0.275638847360345	0.816	0.86	0.000187846482425251
Grap2	8.94644341568276e-09	0.313563140005457	0.307	0.197	0.000189181492468028
Snap23	9.15500148790622e-09	-0.269267027442946	0.36	0.487	0.000193591661463265
Phactr2	9.59933605730093e-09	0.283446829530414	0.781	0.731	0.000202987560267686
Ptpre	1.21290859319009e-08	-0.278002194114351	0.533	0.667	0.000256481651115975
Stat1	1.23617199742978e-08	0.351761351267539	0.7	0.613	0.000261400930576501
Slc15a3	1.29405253424423e-08	0.305083721822523	0.366	0.256	0.000273640348891285
Grm8	1.62137456012999e-08	0.440779946919088	0.482	0.376	0.000342855864485087
Itgax	1.94338308909781e-08	0.252125052032008	0.247	0.147	0.000410947788020623
Pik3cd	2.0118278255465e-08	0.362270415105088	0.632	0.555	0.000425421111990063
Fnip2	2.39018395835435e-08	0.340325947605075	0.452	0.342	0.000505428299833611
Gem	2.41320950777849e-08	-0.377475411820817	0.286	0.409	0.00051029728251484
Tnfrsf13c	2.48475224750468e-08	0.278630369370816	0.339	0.236	0.00052542571025734
Lat2	2.48783930549005e-08	0.279537943359885	0.642	0.53	0.000526078499538927
Gnai1	3.92953658592224e-08	0.322833957507047	0.206	0.115	0.000830939806459117
Fyn	3.93642729793501e-08	0.37220687804969	0.763	0.709	0.000832396916421338
Ly6c2	4.06115647935985e-08	0.345454464723	0.405	0.286	0.000858772149125433
Tacc1	4.83429967012951e-08	0.258722773434725	0.878	0.848	0.00102226100824559
Gm13919	4.92231602574245e-08	0.326254062395695	0.382	0.277	0.0010408729468035
Vav3	5.2452883424566e-08	-0.441252924482751	0.451	0.558	0.00110916867289587
Acer3	5.42584018412906e-08	0.315678342005931	0.712	0.633	0.00114734816533593
Rab8b	5.75991616743088e-08	-0.326209823381584	0.478	0.581	0.00121799187276493
Immp2l	5.77239976790462e-08	-0.310355216304464	0.492	0.62	0.00122063165492111
Slc41a2	5.90923796614039e-08	0.351701949429084	0.323	0.213	0.00124956746032005
Tapbp	6.55537729341675e-08	0.251011545315137	0.58	0.5	0.00138620008246591
Gng12	6.58686835858422e-08	0.298308213200392	0.667	0.588	0.00139285918310622
Eldr	6.7013909583011e-08	0.32632545085378	0.386	0.283	0.00141707613204235
Cacna1e	6.70169722098151e-08	0.304112705288368	0.1	0.036	0.00141714089434875
Rgs2	6.92395784042678e-08	0.441895230709097	0.649	0.604	0.00146414012493665
Fam241a	7.03252132726009e-08	0.389080956592073	0.474	0.384	0.00148709695986242
Me2	7.09920667310844e-08	0.281317628037126	0.618	0.543	0.00150119824309551
Sema4d	7.86716281317215e-08	0.314139547427028	0.633	0.557	0.00166359024847338
Vav2	8.14987685752474e-08	0.292430019167567	0.25	0.159	0.00172337296029218
Rogdi	8.68307143199306e-08	0.285722773100381	0.472	0.372	0.00183612228500925
Alox5ap	9.22162489751417e-08	0.304427897185913	0.85	0.829	0.00195000480082835
Adpgk	9.34543707810892e-08	0.278865469852991	0.48	0.391	0.00197618612453691
Tifab	9.68209040308744e-08	0.258942497703636	0.609	0.513	0.00204737483663687
Nrgn	9.88888727590144e-08	-0.258351530867154	0.412	0.541	0.00209110410336212
Rgs18	1.02863808553603e-07	0.253278149260549	0.673	0.598	0.0021751580956745
Ccr5	1.06597479932369e-07	0.334416826545353	0.252	0.156	0.00225411031064987
Dap	1.07257791163879e-07	0.29376693166664	0.816	0.776	0.00226807325195138
Stat2	1.16913781814088e-07	0.284310820520411	0.412	0.303	0.00247225883024071
Gmds	1.21967751534362e-07	-0.292218723148354	0.436	0.557	0.00257913007394563
Egfr	1.26469157421714e-07	0.261597843251117	0.222	0.126	0.00267431680283957
Kctd14	1.31398701157311e-07	0.299891532193367	0.35	0.251	0.00277855693467249
Filip1l	1.73712936536011e-07	0.281653855733145	0.681	0.594	0.00367333375599049
Gm36975	1.79501023857179e-07	0.430184961828343	0.32	0.219	0.0037957286504839
Oxct1	1.97129785944232e-07	0.321326101450026	0.664	0.616	0.00416850645357672
Arhgap24	2.16290344005794e-07	0.315589107226436	0.403	0.297	0.00457367561434652
Jak2	2.23517867496287e-07	0.334533507924143	0.473	0.38	0.00472650882607649
Inpp4b	2.25909580132165e-07	0.33334697223911	0.656	0.573	0.00477708398147476
Gltp	2.28239701110942e-07	0.26718364409966	0.752	0.725	0.00482635671969199
Fgd2	2.45154477198889e-07	0.280501897716154	0.554	0.473	0.0051840365748477
Siglecg	2.60778617170067e-07	0.295722779913745	0.383	0.287	0.00551442463867824
Igkc	2.6103639072419e-07	0.854959891719007	0.202	0.117	0.00551987551825373
Klf13	2.65505255885593e-07	0.289118947039843	0.788	0.754	0.00561437414095674
Sugct	2.85521042499842e-07	-0.259070814424883	0.104	0.188	0.00603762796470166
Ifi27	2.85580999246147e-07	-0.294684108038982	0.336	0.44	0.00603889581005901
Lst1	2.86795974195266e-07	-0.329274498079323	0.441	0.552	0.00606458767033309
Egr1	2.87291075668267e-07	0.376363495916419	0.353	0.258	0.00607505708608118
Trim25	2.90711278503666e-07	0.317604335384062	0.588	0.521	0.00614738069523852
Rgs1	2.90924588901683e-07	0.53466746135502	0.521	0.442	0.00615189135691499
Rcsd1	4.00200158931714e-07	0.325336108299286	0.755	0.722	0.00846263256077003
Gse1	4.3730509752197e-07	-0.25265879851486	0.209	0.31	0.00924725359219958
Fabp5	4.6083194477215e-07	-0.270721093538937	0.646	0.741	0.00974475230415189
Anxa2	5.08255300680101e-07	0.298057282634761	0.351	0.255	0.0107475665881814
Pid1	5.803029595769e-07	0.495674458511049	0.149	0.076	0.0122710863832131
Nr3c1	7.7117414798411e-07	0.292873311960932	0.625	0.578	0.016307248533272
H2-K1	8.80953742633598e-07	-0.271875215682684	0.655	0.756	0.0186286478417301
Sdc4	9.55638202208776e-07	0.281876481010999	0.641	0.547	0.0202079254239068
Rere	1.2648422877308e-06	-0.263322687766616	0.621	0.732	0.0267463550163556
Rbpms	1.43071744743739e-06	-0.385344573013369	0.441	0.539	0.030253951143511
Cdv3	1.46975914911216e-06	-0.282688979026158	0.777	0.829	0.0310795269671257
Tgfbr1	1.58361816103252e-06	0.340661304576815	0.652	0.596	0.0334871896331936
Ptger4	1.96420735181311e-06	0.285497489087798	0.367	0.276	0.04153512866144
Acap2	2.06495022923312e-06	0.25706229297255	0.667	0.604	0.0436654375473635
Slfn2	2.08245101504859e-06	0.339034527148797	0.456	0.371	0.0440355091642174
Rnf122	2.37967726851843e-06	0.255839155893721	0.359	0.27	0.0503206555200907
Fdps	2.74016397054087e-06	0.358867206291549	0.692	0.669	0.0579435073210572
Klf4	2.78826591447329e-06	0.273334435275344	0.248	0.166	0.0589606710274521
Zfp36	2.89615755592785e-06	0.403376814471634	0.748	0.743	0.0612421476776503
Cnn2	2.95664217763778e-06	0.258005067471363	0.714	0.667	0.0625211554883285
Slco3a1	3.16794798084939e-06	0.290390588869	0.654	0.59	0.0669894280030411
5430427O19Rik	4.22925982605535e-06	0.254381397879296	0.435	0.344	0.0894319282817665
Clcn5	4.54258017815535e-06	0.265858498016991	0.563	0.477	0.0960574004472729
Mctp1	4.8042013293233e-06	-0.542864828999817	0.398	0.482	0.10158964130987
Pdzd4	5.40151913533242e-06	0.278890491546773	0.513	0.429	0.114220523635739
Mpo	6.12214367015164e-06	-0.737899701970195	0.281	0.372	0.129458850049027
BC147527	6.46716334869599e-06	0.276383538929188	0.267	0.188	0.136754636171525
Cd74	7.15033330385821e-06	1.31620031342846	0.356	0.284	0.151200948043386
Malt1	9.02693369495069e-06	0.373775511642093	0.597	0.532	0.190883539913427
Kansl1l	9.11174891640582e-06	-0.269616777414736	0.494	0.602	0.192677042586317
Ctr9	9.47182229145472e-06	-0.268924514809188	0.381	0.486	0.200291154175101
Fhit	1.01249545374155e-05	-0.275135175789663	0.452	0.552	0.214102288648188
Ephb2	1.11197271101137e-05	0.260224758310486	0.3	0.222	0.235137749470464
Ppm1h	1.5294588579459e-05	0.28536862492477	0.613	0.555	0.323419370101239
Map3k8	1.56859762977144e-05	0.259282064681323	0.335	0.259	0.331695654791468
Pml	1.60042623199666e-05	0.291173096491216	0.424	0.354	0.338426131018014
Spns3	1.68412471053523e-05	0.293125991261755	0.424	0.357	0.35612501128978
Mob3b	1.80527536379676e-05	0.278385577440273	0.363	0.286	0.381743528428463
Fosb	2.2513527510742e-05	0.381496773401271	0.332	0.252	0.476071052742151
Evi5	2.73417121485215e-05	0.279486599670503	0.544	0.481	0.578167845092636
Capn5	2.9316811940542e-05	0.250328673455742	0.31	0.233	0.619933305294702
Rftn1	3.1529441695447e-05	0.287469256796209	0.662	0.622	0.666721574091923
Hbb-bt	3.19827823668006e-05	-0.797091041471524	0.166	0.235	0.676307915928366
Fgf13	3.41355400628388e-05	-0.363667192704167	0.154	0.227	0.72183013016879
Klk1b27	3.76937105146837e-05	0.334440964241042	0.156	0.092	0.797071202543501
Ppp3ca	4.25446459359853e-05	-0.409751207686894	0.798	0.851	0.899649082962344
Lrrk1	4.8586349251986e-05	0.305680563010275	0.51	0.453	1
Parp8	5.64800519362747e-05	0.262436045908429	0.802	0.75	1
Ncoa1	6.87191101959934e-05	0.2562243548294	0.542	0.487	1
Lyst	7.73760641494955e-05	0.269441586290629	0.516	0.459	1
Ifi44	7.79225008196315e-05	0.252961867605946	0.253	0.185	1
Ccl4	9.31681661752012e-05	0.535424245878673	0.595	0.572	1
Il1r2	9.67495048342867e-05	0.327312817363117	0.139	0.083	1
Zc3h12c	9.70848318270808e-05	0.282354708211803	0.386	0.316	1
Sla2	0.000106967006307724	0.288049017018202	0.526	0.477	1
Abr	0.00010976615475198	0.276709462382732	0.537	0.475	1
Rel	0.000146055047929021	0.258724323345119	0.683	0.669	1
Pecam1	0.000268221801893154	0.290881401837332	0.62	0.594	1
Aff1	0.000459842029373325	0.265768576100531	0.604	0.583	1
Pbx1	0.000566583055309939	-0.328108878842339	0.234	0.3	1
Neat1	0.000614898263533858	0.280658635544839	0.57	0.525	1
Hspa1b	0.00090971210512454	0.389317854627557	0.128	0.081	1
Dusp5	0.00124935690989612	0.330267360651727	0.556	0.543	1
Svbp	0.00129796029094725	0.26607400359922	0.707	0.71	1
Ikzf1	0.0013024385539296	-0.253087549555998	0.923	0.961	1
Otulinl	0.00160262809408321	0.285010813464467	0.447	0.416	1
Maml2	0.00167162930050571	0.270312635840894	0.73	0.726	1
Ifi203	0.00249613654289073	0.357840515271447	0.693	0.727	1
Sat1	0.00255531752475945	0.257405389904465	0.559	0.56	1
Clec10a	0.00293077236628465	0.263739230041981	0.173	0.127	1
Grasp	0.00478437013404146	0.258676750901664	0.224	0.181	1
Prtn3	0.00493656696956409	-0.252486321167704	0.342	0.398	1
Mndal	0.00716125995162505	0.256517343609377	0.798	0.831	1
Cecr2	0.0099238745393952	-0.255361270950731	0.363	0.419	1
Id2	0.0126395508847738	0.864093461427101	0.313	0.283	1
Ebf1	0.0182237046678293	-0.474503657720293	0.203	0.245	1
Cd86	0.0327625017346841	0.256124489866521	0.361	0.328	1
Lncpint	0.0351727444263321	0.251812008191072	0.416	0.397	1
Atf3	0.0530901665667275	0.424953907252389	0.232	0.204	1
Tmtc2	0.0821953094006331	-0.306739543426892	0.215	0.246	1
Trbc2	0.12756808558683	0.319582651892101	0.203	0.179	1
Hspa1a	0.566913572162554	0.544373559172387	0.148	0.145	1
